1.11
1.16
1.17
1.176
1.177
1.18
1.19
1.201
1.208
1.209
1.210
1.211
1.212
1.213
1.214
1.215
1.216
1.217
1.218
1.219
1.220
1.221
1.222
1.223
1.224
1.225
1.226
1.227
1.228
1.229
1.230
1.231
1.232
1.233
1.234
1.235
1.236
1.237
1.238
1.239
1.240
1.241
1.242
1.243
1.244
1.245
1.246
1.247
1.248
1.249
1.250
1.251
1.252
1.253
1.254
1.255
101.1
101.101
101.202
101.235
101.250
101.53
101.55
101.79
103.10
103.105
103.106
103.108
103.109
103.11
103.114
103.117
103.12
103.124
103.129
103.13
103.19
103.194
103.2
103.20
103.206
103.209
103.21
103.212
103.214
103.215
103.216
103.218
103.219
103.22
103.226
103.229
103.23
103.230
103.231
103.234
103.235
103.237
103.238
103.239
103.24
103.240
103.243
103.244
103.246
103.247
103.248
103.249
103.25
103.251
103.253
103.254
103.27
103.28
103.3
103.30
103.31
103.38
103.39
103.4
103.42
103.43
103.49
103.5
103.50
103.51
103.52
103.53
103.55
103.57
103.59
103.6
103.60
103.62
103.66
103.68
103.7
103.74
103.78
103.79
103.8
103.85
103.87
103.9
103.90
106.10
106.240
106.241
106.242
106.243
106.244
106.245
106.246
106.247
106.248
106.249
106.250
106.251
106.252
106.253
106.254
106.255
110.10
110.11
110.12
110.13
110.14
110.15
110.165
110.172
110.232
110.34
110.35
110.4
110.44
110.45
110.46
110.47
110.5
110.76
110.8
110.9
110.92
110.93
111.118
111.171
111.221
111.65
111.67
111.91
111.92
112.106
112.107
112.108
112.109
112.121
112.133
112.136
112.137
112.140
112.144
112.145
112.146
112.147
112.148
112.149
112.150
112.151
112.152
112.153
112.154
112.155
112.156
112.157
112.158
112.159
112.160
112.161
112.162
112.163
112.164
112.165
112.166
112.167
112.168
112.169
112.170
112.171
112.172
112.173
112.174
112.175
112.176
112.177
112.178
112.179
112.180
112.181
112.182
112.183
112.184
112.185
112.186
112.187
112.188
112.189
112.190
112.191
112.196
112.212
112.213
112.214
112.216
112.217
112.218
112.219
112.220
112.221
112.222
112.223
112.72
112.76
112.77
113.10
113.130
113.131
113.192
113.197
113.198
113.199
113.21
113.29
113.30
113.52
113.59
113.60
113.61
114.108
114.110
114.111
114.129
114.141
114.199
114.200
114.201
114.202
114.203
114.204
114.205
114.206
114.207
114.29
114.30
114.31
114.70
114.71
115.0
115.1
115.10
115.11
115.12
115.126
115.13
115.136
115.137
115.138
115.139
115.14
115.140
115.141
115.142
115.143
115.144
115.145
115.15
115.16
115.160
115.161
115.165
115.17
115.178
115.18
115.187
115.19
115.2
115.20
115.21
115.22
115.23
115.3
115.31
115.4
115.40
115.41
115.5
115.6
115.68
115.69
115.7
115.71
115.8
115.84
115.85
115.86
115.88
115.89
115.9
115.90
115.91
115.92
115.93
115.94
115.95
116.120
116.121
116.122
116.123
116.124
116.125
116.126
116.127
116.193
116.199
116.212
116.255
116.32
116.33
116.34
116.35
116.36
116.37
116.38
116.39
116.40
116.41
116.42
116.43
116.44
116.45
116.46
116.47
116.67
116.68
116.84
116.89
116.90
116.93
117.123
117.16
117.17
117.20
117.52
117.53
117.55
117.58
118.103
118.107
118.127
118.128
118.129
118.130
118.131
118.139
118.176
118.216
118.217
118.218
118.219
118.220
118.221
118.222
118.223
118.32
118.33
118.34
118.35
118.36
118.37
118.38
118.39
118.40
118.41
118.42
118.43
118.44
118.45
118.46
118.47
118.48
118.49
118.50
118.51
118.52
118.53
118.54
118.55
118.56
118.57
118.58
118.59
118.60
118.61
118.62
118.63
118.67
118.91
119.148
119.149
119.161
119.17
119.18
119.192
119.193
119.195
119.196
119.197
119.198
119.199
119.200
119.201
119.202
119.203
119.204
119.205
119.206
119.207
119.208
119.209
119.210
119.211
119.212
119.213
119.214
119.215
119.216
119.217
119.218
119.219
119.220
119.221
119.222
119.223
119.235
119.30
119.31
119.42
119.56
119.59
119.63
119.64
119.65
119.66
119.67
119.68
119.69
119.70
119.71
119.75
119.77
119.82
120.136
120.142
120.143
120.29
120.50
120.73
121.0
121.1
121.100
121.101
121.124
121.125
121.126
121.127
121.128
121.129
121.130
121.131
121.132
121.133
121.134
121.135
121.136
121.137
121.138
121.139
121.140
121.141
121.142
121.143
121.144
121.145
121.146
121.147
121.148
121.149
121.150
121.151
121.152
121.153
121.154
121.155
121.156
121.157
121.158
121.159
121.160
121.161
121.162
121.163
121.164
121.165
121.166
121.167
121.168
121.169
121.170
121.171
121.172
121.173
121.174
121.175
121.176
121.177
121.178
121.179
121.180
121.181
121.182
121.183
121.184
121.185
121.186
121.187
121.188
121.189
121.190
121.191
121.200
121.252
121.253
121.254
121.50
121.53
121.54
121.55
121.64
121.65
121.66
121.67
121.78
121.88
122.0
122.100
122.101
122.128
122.129
122.152
122.153
122.199
122.202
122.203
122.252
122.254
122.32
122.33
122.34
122.35
122.36
122.37
122.38
122.39
122.40
122.41
122.42
122.43
122.44
122.45
122.46
122.47
122.49
122.99
123.0
123.100
123.108
123.109
123.111
123.140
123.141
123.142
123.143
123.199
123.200
123.212
123.213
123.214
123.215
123.248
123.250
123.251
123.254
123.32
123.33
123.34
123.35
123.36
123.37
123.38
123.39
123.40
123.41
123.42
123.43
123.44
123.45
123.46
123.47
123.98
123.99
124.111
124.146
124.153
124.194
124.195
124.197
124.198
124.199
124.216
124.217
124.243
124.254
124.28
124.46
124.48
124.49
124.5
124.50
124.51
124.52
124.53
124.54
124.55
124.56
124.57
124.58
124.59
124.60
124.61
124.62
124.63
124.66
124.80
125.128
125.129
125.130
125.131
125.132
125.133
125.134
125.135
125.136
125.137
125.138
125.139
125.140
125.141
125.142
125.143
125.144
125.145
125.146
125.147
125.148
125.149
125.150
125.151
125.152
125.153
125.154
125.155
125.156
125.157
125.158
125.159
125.176
125.177
125.178
125.179
125.180
125.181
125.182
125.183
125.184
125.185
125.186
125.187
125.188
125.189
125.190
125.191
125.208
125.209
125.240
125.241
125.242
125.243
125.244
125.245
125.246
125.247
125.248
125.249
125.250
125.251
125.252
125.31
125.57
125.60
125.61
125.62
125.7
128.134
129.254
134.75
137.68
139.150
139.5
14.0
14.128
14.129
14.138
14.192
14.206
14.32
14.33
14.34
14.35
14.36
14.37
14.38
14.39
14.4
14.40
14.41
14.42
14.43
14.44
14.45
14.46
14.47
14.48
14.49
14.5
14.50
14.51
14.52
14.53
14.54
14.55
14.56
14.57
14.58
14.59
14.6
14.60
14.61
14.62
14.63
14.64
14.65
14.66
14.67
14.68
14.69
14.7
14.70
14.71
14.72
14.73
14.74
14.75
14.76
14.77
14.78
14.79
14.80
14.81
14.82
14.83
14.84
14.85
14.86
14.87
14.88
14.89
14.90
14.91
14.92
14.93
14.94
14.95
141.223
143.248
144.48
147.43
147.46
147.47
147.6
150.107
150.129
150.150
150.183
150.197
150.242
152.149
152.99
154.10
155.230
156.147
157.119
157.197
158.44
160.202
161.122
163.152
163.180
163.239
163.53
164.124
164.125
165.132
165.133
165.141
165.186
165.194
165.213
165.229
165.243
165.244
165.246
166.103
166.104
166.125
166.79
168.115
168.126
168.131
168.154
168.188
168.219
168.248
168.249
168.78
169.140
169.208
169.209
169.210
169.211
169.212
169.213
169.214
169.215
169.216
169.217
169.218
169.219
169.220
169.221
169.222
169.223
175.106
175.107
175.111
175.112
175.113
175.114
175.115
175.116
175.117
175.118
175.119
175.120
175.121
175.122
175.123
175.124
175.125
175.126
175.127
175.158
175.176
175.192
175.193
175.194
175.195
175.196
175.197
175.198
175.199
175.200
175.201
175.202
175.203
175.204
175.205
175.206
175.207
175.208
175.209
175.210
175.211
175.212
175.213
175.214
175.215
175.224
175.225
175.226
175.227
175.228
175.229
175.230
175.231
175.232
175.233
175.234
175.235
175.236
175.237
175.238
175.239
175.240
175.241
175.242
175.243
175.244
175.245
175.246
175.247
175.248
175.249
175.250
175.251
175.252
175.253
175.254
175.255
175.28
175.41
175.45
180.131
180.148
180.150
180.182
180.189
180.211
180.222
180.224
180.225
180.226
180.227
180.228
180.229
180.230
180.231
180.233
180.236
180.237
180.238
180.239
180.64
180.65
180.66
180.67
180.68
180.69
180.70
180.71
180.80
180.81
180.82
180.83
180.92
182.161
182.162
182.163
182.172
182.173
182.192
182.193
182.194
182.195
182.196
182.197
182.198
182.199
182.208
182.209
182.210
182.211
182.212
182.213
182.214
182.215
182.216
182.217
182.218
182.219
182.220
182.221
182.222
182.223
182.224
182.225
182.226
182.227
182.228
182.229
182.230
182.231
182.237
182.252
182.255
182.31
182.50
183.100
183.101
183.102
183.103
183.104
183.105
183.106
183.107
183.108
183.109
183.110
183.111
183.112
183.113
183.114
183.115
183.116
183.117
183.118
183.119
183.120
183.121
183.122
183.123
183.124
183.125
183.126
183.127
183.78
183.86
183.90
183.91
183.96
183.97
183.98
183.99
192.100
192.104
192.132
192.195
192.203
192.245
192.249
192.5
202.126
202.128
202.131
202.133
202.136
202.14
202.148
202.150
202.158
202.163
202.165
202.167
202.171
202.174
202.179
202.20
202.21
202.22
202.3
202.30
202.31
202.43
202.59
202.6
202.68
202.73
202.8
202.86
202.89
202.90
203.100
203.109
203.123
203.128
203.129
203.130
203.132
203.133
203.142
203.149
203.152
203.153
203.166
203.169
203.17
203.170
203.171
203.173
203.175
203.190
203.207
203.210
203.212
203.215
203.216
203.217
203.223
203.224
203.225
203.227
203.228
203.229
203.230
203.231
203.232
203.233
203.234
203.235
203.237
203.238
203.239
203.240
203.241
203.242
203.243
203.244
203.245
203.246
203.247
203.248
203.249
203.250
203.251
203.252
203.253
203.254
203.255
203.81
203.83
203.84
203.90
210.0
210.100
210.101
210.102
210.103
210.104
210.105
210.106
210.107
210.108
210.109
210.110
210.111
210.112
210.113
210.114
210.115
210.116
210.117
210.118
210.119
210.120
210.121
210.122
210.123
210.124
210.125
210.126
210.127
210.16
210.178
210.179
210.180
210.181
210.182
210.183
210.192
210.2
210.204
210.206
210.207
210.210
210.211
210.216
210.217
210.218
210.219
210.220
210.222
210.223
210.4
210.57
210.87
210.89
210.90
210.91
210.92
210.93
210.94
210.95
210.96
210.97
210.98
210.99
211.104
211.105
211.106
211.107
211.108
211.109
211.112
211.113
211.114
211.117
211.118
211.119
211.168
211.169
211.170
211.171
211.172
211.173
211.174
211.175
211.176
211.177
211.178
211.179
211.180
211.181
211.182
211.183
211.184
211.185
211.186
211.189
211.190
211.191
211.192
211.193
211.194
211.195
211.196
211.197
211.198
211.199
211.200
211.201
211.202
211.203
211.204
211.205
211.206
211.207
211.208
211.209
211.210
211.211
211.212
211.213
211.214
211.215
211.216
211.217
211.218
211.219
211.220
211.221
211.222
211.223
211.224
211.225
211.226
211.227
211.228
211.229
211.230
211.231
211.232
211.233
211.236
211.237
211.238
211.239
211.241
211.242
211.243
211.244
211.245
211.247
211.248
211.249
211.250
211.251
211.252
211.253
211.254
211.255
211.32
211.33
211.34
211.35
211.37
211.38
211.39
211.40
211.41
211.42
211.43
211.44
211.45
211.46
211.48
211.49
211.50
211.51
211.53
211.54
211.55
211.56
211.57
211.58
211.59
211.60
211.61
211.62
218.101
218.144
218.145
218.146
218.147
218.148
218.149
218.150
218.151
218.152
218.153
218.154
218.155
218.156
218.157
218.158
218.159
218.209
218.232
218.233
218.234
218.235
218.236
218.237
218.238
218.239
218.37
218.38
218.39
218.48
218.49
218.50
218.51
218.52
218.53
218.54
218.55
219.240
219.241
219.248
219.249
219.250
219.251
219.254
219.255
220.116
220.117
220.118
220.119
220.120
220.121
220.122
220.123
220.124
220.125
220.126
220.127
220.149
220.230
220.64
220.65
220.66
220.67
220.68
220.69
220.70
220.71
220.72
220.73
220.74
220.75
220.76
220.77
220.78
220.79
220.80
220.81
220.82
220.83
220.84
220.85
220.86
220.87
220.88
220.89
220.90
220.91
220.92
220.93
220.94
220.95
221.132
221.133
221.138
221.139
221.140
221.141
221.142
221.143
221.144
221.145
221.146
221.147
221.148
221.149
221.150
221.151
221.152
221.153
221.154
221.155
221.156
221.157
221.158
221.159
221.160
221.161
221.162
221.163
221.164
221.165
221.166
221.167
221.168
222.100
222.101
222.102
222.103
222.104
222.105
222.106
222.107
222.108
222.109
222.110
222.111
222.112
222.113
222.114
222.115
222.116
222.117
222.118
222.119
222.120
222.121
222.122
222.231
222.232
222.233
222.234
222.235
222.236
222.237
222.238
222.239
222.251
222.96
222.97
222.98
222.99
223.130
223.131
223.165
223.194
223.195
223.222
223.253
223.255
223.26
223.28
27.0
27.1
27.100
27.101
27.102
27.111
27.112
27.113
27.115
27.116
27.117
27.118
27.119
27.120
27.122
27.124
27.125
27.126
27.232
27.233
27.234
27.235
27.236
27.237
27.238
27.239
27.255
27.35
27.96
36.38
36.39
39.112
39.113
39.114
39.115
39.116
39.117
39.118
39.119
39.120
39.121
39.122
39.123
39.124
39.125
39.126
39.127
39.16
39.17
39.18
39.19
39.20
39.21
39.22
39.23
39.24
39.25
39.26
39.27
39.28
39.29
39.30
39.31
42.10
42.11
42.12
42.13
42.14
42.15
42.8
42.82
42.9
43.224
43.227
43.228
43.230
43.241
43.242
43.243
43.246
43.247
43.250
43.251
43.254
43.255
45.112
45.113
45.115
45.117
45.119
45.120
45.121
45.125
45.248
45.249
45.250
45.64
49.1
49.10
49.11
49.128
49.142
49.143
49.160
49.161
49.162
49.163
49.164
49.165
49.166
49.167
49.168
49.169
49.170
49.171
49.172
49.173
49.174
49.175
49.236
49.238
49.239
49.246
49.247
49.254
49.50
49.8
49.9
58.120
58.121
58.122
58.123
58.124
58.125
58.126
58.127
58.138
58.140
58.141
58.142
58.143
58.145
58.146
58.147
58.148
58.149
58.150
58.151
58.180
58.181
58.184
58.224
58.225
58.226
58.227
58.228
58.229
58.230
58.231
58.232
58.233
58.234
58.235
58.236
58.237
58.238
58.239
58.29
58.65
58.72
58.73
58.74
58.75
58.76
58.77
58.78
58.79
58.84
58.87
59.0
59.1
59.10
59.11
59.12
59.13
59.14
59.15
59.150
59.151
59.152
59.16
59.17
59.18
59.186
59.187
59.19
59.2
59.20
59.21
59.22
59.23
59.24
59.25
59.26
59.27
59.28
59.29
59.3
59.30
59.31
59.4
59.5
59.6
59.7
59.8
59.86
59.9
60.196
60.197
60.253
61.100
61.101
61.102
61.103
61.105
61.106
61.107
61.108
61.109
61.110
61.111
61.14
61.245
61.247
61.248
61.249
61.251
61.253
61.255
61.32
61.33
61.34
61.35
61.36
61.37
61.38
61.39
61.4
61.40
61.41
61.42
61.43
61.47
61.5
61.72
61.73
61.74
61.75
61.76
61.77
61.78
61.79
61.80
61.81
61.82
61.83
61.84
61.85
61.96
61.97
61.98
61.99
1.100
1.101
1.102
1.103
1.104
1.105
1.106
1.107
1.108
1.109
1.110
1.111
1.96
1.97
1.98
1.99
106.100
106.101
106.102
106.103
106.96
106.97
106.98
106.99
110.68
110.69
110.70
110.71
111.218
111.219
113.216
113.217
114.52
114.53
116.200
116.201
117.110
117.111
118.234
118.235
119.194
123.228
123.229
124.0
124.1
124.136
124.137
124.138
124.139
124.2
124.3
163.213
163.222
163.229
163.255
175.216
175.217
175.218
175.219
175.220
175.221
175.222
175.223
180.132
180.133
180.134
180.135
180.210
203.226
203.236
203.82
210.205
210.221
211.110
211.111
211.115
211.116
211.187
211.188
211.234
211.235
211.240
211.246
211.36
211.47
211.52
211.63
218.36
219.252
219.253
220.103
223.168
223.169
223.170
223.171
223.172
223.173
223.174
223.175
223.32
223.33
223.34
223.35
223.36
223.37
223.38
223.39
223.40
223.41
223.42
223.43
223.44
223.45
223.46
223.47
223.48
223.49
223.50
223.51
223.52
223.53
223.54
223.55
223.56
223.57
223.58
223.59
223.60
223.61
223.62
223.63
27.160
27.161
27.162
27.163
27.164
27.165
27.166
27.167
27.168
27.169
27.170
27.171
27.172
27.173
27.174
27.175
27.176
27.177
27.178
27.179
27.180
27.181
27.182
27.183
39.4
39.5
39.6
39.7
42.16
42.17
42.18
42.19
42.20
42.21
42.22
42.23
42.24
42.25
42.26
42.27
42.28
42.29
42.30
42.31
42.32
42.33
42.34
42.35
42.36
42.37
42.38
42.39
42.40
42.41
42.42
42.43
42.44
42.45
42.46
42.47
49.16
49.17
49.18
49.19
49.20
49.21
49.22
49.23
49.24
49.25
49.26
49.27
49.28
49.29
49.30
49.31
49.56
49.57
49.58
49.59
49.60
49.61
49.62
49.63
58.102
58.103
61.104
61.250
61.252
61.254
